#SNPs per gene	 # genes in bin	 mean of the bin 	 sd of the bin 
[1]	228	2.93486659583	4.16116177381
[2]	418	3.16458240532	5.03687006259
[3]	386	3.4569056136	5.66038128997
[4]	561	3.08401993655	4.74969129102
[5]	424	3.01510155499	4.70899450443
[6]	662	2.64854755011	4.09456417349
[7]	448	2.80184478733	4.28851031231
[8]	656	3.03808556999	5.19459832439
[9]	518	3.26023983905	4.60746500587
[10]	623	3.28869153945	4.79872508476
[11]	498	3.71344612729	4.97826819824
[12]	659	3.46885718091	5.30276524365
[13]	479	3.11114516347	4.93388768923
[14]	612	3.17952989791	4.72670291371
[15]	450	3.28306174145	5.20667238146
[16]	568	3.60486997536	5.14576360779
[17]	430	3.56000032017	5.26101519446
[18]	555	3.26205098779	4.74022041342
[19]	362	3.55107708353	4.64507509847
[20]	466	2.97539537112	3.47386481121
[21]	360	3.77659178316	5.25323071042
[22]	435	3.2374246164	4.74167852032
[23]	312	3.76823767099	5.64289208232
[24]	371	3.75921621601	5.88589960314
[25]	318	3.78804188855	4.58577703294
[26]	346	4.05068659742	5.55695198371
[27]	274	3.38897905778	4.56335988855
[28]	323	4.08525070076	5.78921761725
[29]	242	3.83977698157	5.09566809339
[30]	313	3.62830712575	4.45461111015
[31]	240	4.40360126131	5.79227844757
[32]	284	4.22930581556	5.05643524742
[33]	223	3.55562625054	4.55626319901
[34]	248	4.41772946992	6.08220855862
[35]	193	3.80520942715	4.42874935885
[36]	234	3.81127633627	4.55674925291
[37]	183	4.20616460826	5.11249550501
[38]	224	4.01289977639	4.63795480598
[39]	179	4.11608451092	4.39134589319
[40]	183	4.3852037692	7.16274562663
[41]	160	3.36934427616	4.09828913091
[42]	176	4.32657781098	5.1264030911
[43]	144	5.07320165723	7.52036103439
[44]	173	4.02238726148	4.80297656693
[45]	138	4.33685324666	5.45082151054
[46]	165	3.76976904586	3.83716236614
[47]	122	3.88841785585	4.01739153383
[48]	154	4.34526509798	5.66411862268
[49]	118	4.58214464709	6.38721721203
[50]	150	3.69830526148	4.36976785904
[51]	118	4.03748317634	4.15816440872
[52]	133	4.15443955255	4.19871062713
[53]	114	3.43936603211	3.30160327284
[54]	123	4.71707816252	6.59786866972
[55]	87	3.67732656132	4.88593314081
[56]	105	4.53198403503	6.9361029953
[57]	93	4.94883633498	5.68085350712
[58]	118	4.35695668404	4.33843589674
[59]	104	4.64421275162	3.82154034656
[60]	96	4.5399217959	5.83104413152
[61]	85	4.87509437621	4.71708612663
[62]	101	3.63983352129	3.60841509992
[63]	73	4.61828540569	4.59012590002
[64]	74	5.32801000685	6.98726950447
[65]	78	3.74949222853	3.38788463585
[66]	83	4.11351210807	3.87584761394
[67]	81	5.5953650299	6.79751394498
[68]	83	5.26938331436	5.88746896192
[69]	78	5.33169021654	6.27760781568
[70]	73	6.27839562915	7.3349989121
[71]	68	4.36276603442	5.45903161506
[72]	71	4.75405055608	4.41722194573
[73]	64	4.41555151842	3.60389513209
[74]	73	6.04983270653	7.3295152498
[75]	76	4.22871198037	4.31799749742
[76]	63	4.58539438993	4.19878128717
[77]	50	5.99267346823	8.51779142727
[78]	53	3.6969156761	3.46029454768
[79]	58	3.78366580521	3.11854561393
[80]	55	4.46418111676	4.49226723601
[81]	48	3.93850132491	2.96273952463
[82]	44	5.20108335578	4.94938452058
[83]	56	4.46514570514	3.9582105877
[84]	47	4.55425797379	5.1461663161
[85]	49	5.3147777348	4.72334548372
[86]	41	4.80343813675	4.08561626831
[87]	44	4.85869876294	4.29324426965
[88]	48	6.05744766236	6.78296561781
[89]	32	4.3313002033	5.28133101712
[90]	46	4.62278906183	4.97175098737
[91]	34	4.8054072569	3.97897274818
[92]	39	3.77956531909	3.54199320677
[93]	41	4.60582062852	3.52605745389
[94]	47	4.94071535245	4.37097403523
[95]	31	7.48509810391	9.32863442776
[96]	40	4.11939186973	4.63002497705
[97]	25	3.83710155102	3.18166519229
[98]	46	5.98720576569	6.33532564352
[99]	44	4.56363928439	3.73692797167
[100]	29	7.2475530938	7.5234119472
[101]	22	3.56362451481	2.32596035293
[102]	39	3.75725626216	2.68095354483
[103]	28	5.65424917607	7.14989790394
[104]	31	7.55711154552	8.35176122445
[105]	35	4.64349037401	3.89591418432
[106]	24	5.0828114674	6.15045758521
[107]	27	5.594655322	5.41012104031
[108]	32	4.33375557456	3.63988481826
[109]	28	5.48527810934	4.22984501434
[110]	32	7.82156518788	7.97258316808
[111]	27	5.21398046148	3.59457861161
[112]	32	5.20980352242	4.42857675169
[113]	24	5.06153249763	6.63147626918
[114]	25	5.17928451264	7.23322123273
[115]	25	6.45828170767	5.86123617232
[116]	28	4.0701527109	2.72033312062
[117]	20	5.30089515502	3.3604835352
[118]	28	3.61328338633	2.18577615644
[119]	16	6.8719751776	5.38159301937
[120]	28	4.62981515931	3.01695306196
[121]	28	4.77969954371	3.87897067739
[122]	18	3.52219984744	4.26089949635
[123]	26	4.79665581107	4.33857684311
[124]	21	6.10237305145	3.50768775336
[125]	18	5.95941986939	4.72684276887
[126]	23	4.5363695941	3.9916082441
[127]	18	7.47695104964	9.15991751253
[128]	21	7.26056915364	5.12167796028
[129]	18	3.74762962031	2.26872894825
[130]	18	9.33906035676	7.36753061557
[131]	13	5.92759258483	6.21918268816
[132]	28	5.58484586143	5.42053651117
[133]	17	6.45628520294	4.90801051291
[134]	25	5.65373293646	3.45001335132
[135]	13	4.23598810188	2.29346674296
[136]	15	6.22054855651	5.96749415552
[137]	21	5.40760115957	5.97766739651
[138]	13	5.25285290811	4.56360185591
[139]	15	5.47022118252	3.53339433377
[140]	13	6.61721156504	4.07051340117
[141]	21	7.69850658241	6.62952571965
[142]	18	5.20783493734	2.87315361775
[143]	14	4.59259233928	3.34370511045
[144]	18	5.60506570836	6.74520567012
[145]	13	5.9937705963	7.58402388063
[146]	17	3.95949176133	2.41506990719
[147]	11	4.18099350423	1.93062261019
[148]	20	5.02454955573	2.7719521939
[149]	17	4.49261016395	3.22880029314
[150]	16	6.51361096296	5.21031198246
[151]	19	4.93415877463	3.01360361177
[152]	11	4.67655567979	2.72043162131
[153]	9	3.71292437153	2.01209907266
[154]	19	5.44269780449	2.4367433188
[155]	14	5.52708659559	3.22540425071
[156]	15	5.89872001848	4.43913758591
[157]	9	5.66708131174	3.37360862007
[158]	15	6.37688275092	3.89934380298
[159]	11	6.16655997731	3.7767419325
[160]	15	6.34334043815	6.37048981297
[161]	11	6.13746248319	5.37948293955
[162]	8	9.87772321315	6.40738367649
[163]	20	5.08112391766	5.58969026265
[164]	22	8.8927078129	9.07126972073
[165]	13	7.15129914857	7.6398662931
[166]	9	5.68621817724	5.40832757688
[167]	12	4.18688893896	2.34236891106
[168]	11	4.91896069714	2.0819143244
[169]	10	5.22645755963	4.08950934292
[170]	11	8.03270450193	6.68894613799
[171]	12	5.98668057706	3.85274847396
[172]	15	6.31960946827	3.74336039597
[173]	13	6.85243083466	5.50321176045
[174]	9	6.45846347688	5.09036561485
[175]	8	5.13068363092	2.72682639662
[176]	4	5.98694141173	1.10429665741
[177]	7	6.85237024833	4.04904589846
[178]	9	4.36901756263	2.17154914025
[179]	9	4.80882954857	1.89650749092
[180]	11	6.15685486579	4.55563887382
[181]	9	8.49986392958	5.05109991986
[182]	12	7.08219092172	4.74647055843
[183]	7	3.86348885449	0.527340997377
[184]	13	6.09707330784	4.13658338968
[185]	8	4.7110053104	1.39507328902
[186]	11	3.78216972782	1.56707984251
[187]	8	4.19827975358	1.54657709055
[188]	9	9.25750822591	4.04677100866
[189]	7	5.80973775301	3.96369360759
[190]	14	6.025487715	5.86311248618
[191]	11	5.75579012107	3.9486115194
[192]	9	5.14653985402	3.32399916404
[193]	7	8.08885980788	5.99773977082
[194]	12	7.00352332177	3.35686679272
[195]	10	5.29050286055	2.87591801958
[196]	5	3.62858476336	1.63773068505
[197]	11	6.01647042107	5.24964767049
[198]	7	4.19233838083	2.17195346463
[199]	7	6.24302324506	4.15063950886
[200]	13	5.28464983751	3.94628328748
[201]	7	5.63880190356	1.64670048717
[202]	4	6.4023071916	3.98606649926
[203]	3	8.10576365279	2.59538587136
[204]	8	8.82514541942	7.41036324373
[205]	11	7.59658324903	8.29249118494
[206]	4	4.30663278119	2.24261118482
[207]	4	1.70836249133	0.207308157147
[208]	7	4.50559635612	2.04881170106
[209]	2	7.11876024361	0.306132179725
[210]	8	4.80493134401	2.5191610592
[211]	7	5.34075633123	4.0525901301
[212]	11	6.93736817963	3.84315902277
[213]	7	6.19909370893	5.27191672498
[214]	8	6.69240583946	7.30215254952
[215]	4	5.56107148656	1.38019215225
[216]	5	6.7196648233	3.41345737936
[217]	9	8.60540046518	6.41644457957
[218]	7	8.17445923864	7.5215544732
[219]	7	7.76135534433	4.40157573469
[220]	7	5.57924706377	2.29196385881
[221]	7	4.40544408149	2.44979729776
[222]	9	6.95420336983	6.47497270877
[223]	6	11.5207815651	5.96821804211
[224]	7	5.51688504023	3.13141737737
[225]	9	9.08206689915	6.72673120421
[226]	7	6.22313558393	2.35277995264
[227]	6	8.24923068253	6.01370307852
[228]	7	4.14280148593	1.32735485293
[229]	4	5.68510746314	1.44067894044
[230]	10	6.76070590506	5.1183618529
[231]	4	3.75626854489	1.02968124502
[232]	3	12.933730392	11.9711934214
[233]	7	9.31904463931	5.04225787922
[234]	2	22.6167611244	1.976122043
[235]	5	6.01943569488	2.25673668103
[236]	8	6.93625293805	1.58402394039
[237]	3	4.50890441867	2.86833385953
[238]	6	8.25421978663	2.95673612282
[239]	2	9.91624036716	1.90794144564
[240]	5	6.79076141812	3.29717047129
[241]	6	11.4089270661	5.29793992227
[242]	2	6.85912255197	0.422757876715
[243]	6	4.49854713409	1.63912650207
[244]	10	4.40236634203	1.72101672448
[245]	4	5.72601392798	3.08575066436
[246]	7	7.04937374379	3.19500397612
[247]	10	6.08650703661	3.5297442234
[248]	10	6.96265055421	6.51620101774
[249]	7	9.54607221303	8.42429785865
[250]	5	4.56371279397	2.91528694552
[251]	2	11.235916323	5.46695860085
[252]	6	3.96784752942	1.44049866171
[253]	4	4.86412164492	1.22256291213
[254]	4	14.4680669327	10.8254556495
[255]	7	10.9452254675	11.5076853262
[256]	1	4.49089208663	0.0
[257]	8	5.84352304865	2.58527609576
[258]	3	9.00842690866	2.70170798935
[259]	8	5.43345560524	2.2210323125
[260]	4	10.314245812	3.31536155078
[261]	4	8.89424494525	6.40451205988
[262]	5	5.33720288909	3.16909357499
[263]	6	5.93449997925	1.7010734423
[264]	5	5.21536698283	2.06809479771
[265]	2	6.07163065958	0.8055321979
[266]	8	6.15102436831	3.79351940964
[267]	7	7.63396330454	5.88124656454
[268]	4	4.52951279625	1.53661142884
[269]	7	7.73963127105	2.62905579692
[270]	6	9.14906223432	6.84136388251
[271]	4	7.38657974463	6.13388810889
[272]	5	5.07183717774	2.72137498586
[273]	2	3.52615469827	0.62614049129
[274]	2	6.14725908555	3.82068980918
[275]	4	21.5643275555	23.8030233619
[276]	7	9.22085204451	6.03893857438
[277]	5	8.00911368108	4.41294502275
[278]	5	7.69249454899	2.36079170965
[279]	3	3.08290374488	1.08475704372
[280]	1	4.9076571855	0.0
[281]	6	7.89108671412	2.24754472439
[282]	3	10.3147643971	5.3628997459
[283]	7	5.26822917931	1.45563846193
[284]	6	4.55216180255	2.30332021263
[285]	3	5.04796091796	1.04971356113
[286]	6	5.08253705843	1.42119251352
[287]	2	5.77000263876	2.46170187626
[288]	3	3.45077035875	0.241481934186
[289]	2	15.4971159725	4.20898846015
[290]	6	6.11265748205	1.90220409964
[291]	3	8.67871180324	3.70292884539
[293]	4	11.6801912847	9.46501812457
[294]	6	9.79276023773	8.80680336607
[295]	4	5.27469503156	2.97540569677
[296]	4	6.53042858578	2.66178693111
[297]	2	3.96295547173	1.68354688238
[298]	1	5.67756452475	0.0
[299]	5	7.44404977402	3.88659097175
[300]	3	10.0682613252	6.29303148405
[301]	3	6.28964569384	0.680800336058
[302]	5	3.90314333136	0.802567273085
[303]	6	5.33772065649	1.64834942573
[304]	1	5.41313777518	0.0
[305]	3	6.44680136145	1.99467401635
[306]	8	5.18570642286	2.71075118061
[307]	3	5.80326510207	1.54002183985
[308]	3	8.49040072012	2.92034494198
[309]	3	11.0036188243	3.98251279744
[310]	1	7.40612093436	0.0
[311]	4	13.6070994956	13.9524862462
[312]	2	7.41078540277	2.22428695417
[313]	5	6.3817147589	1.55438847417
[314]	3	6.09580777043	2.07931035643
[315]	2	4.60255141692	0.94022746495
[317]	2	5.59369834244	1.82972568893
[318]	4	4.04803118382	2.54864589555
[319]	3	5.91324831947	0.68608604237
[320]	3	10.2151558939	2.65586646147
[321]	1	2.59591763509	0.0
[322]	8	6.4410321024	3.90946024659
[323]	6	7.70957060184	9.2408310351
[324]	3	4.42050839924	1.34303593119
[325]	3	6.60349998562	1.61400743103
[326]	6	7.56044611725	3.94144262569
[327]	3	5.60785765186	1.93678656965
[328]	1	11.4946293839	0.0
[329]	3	5.34692500378	0.985368118159
[330]	4	3.65352995395	1.28784231997
[331]	3	9.1038076882	3.27495201133
[332]	2	5.6366804387	1.55277564752
[333]	5	11.2786520806	7.31126622944
[334]	4	7.07105278283	3.16571396877
[335]	3	10.9984926502	4.34059606814
[336]	8	7.79403554192	4.19237365337
[337]	5	6.80583171585	1.80888861088
[338]	7	7.06842158604	3.62328725113
[339]	4	8.08987698163	4.13253922036
[340]	3	7.37642214759	2.2620467324
[341]	2	5.66984061952	1.85607605144
[342]	2	7.87142236939	3.11911864281
[343]	6	12.7424503195	7.50196958712
[344]	5	7.77861797508	4.2545437581
[345]	3	4.65507153375	1.31706490865
[346]	4	6.38020696738	2.90240420326
[347]	2	5.85393918511	1.67217071797
[348]	4	8.43613032485	1.4800686109
[350]	4	4.52996650441	1.75348674275
[351]	2	5.85749934703	2.92853432081
[352]	4	6.03025176589	3.23667931574
[353]	3	9.92671600103	2.44035036647
[354]	1	3.66473999899	0.0
[355]	1	2.5828036727	0.0
[356]	2	13.5469881682	4.92265191173
[357]	2	9.65537162767	3.66653469063
[358]	3	6.97459043423	3.42044440889
[359]	1	2.95164849727	0.0
[360]	4	4.43378414153	0.352371449912
[361]	1	3.11491930872	0.0
[362]	3	6.80839130264	2.69981208861
[364]	1	19.9165088184	0.0
[365]	1	4.36773221758	0.0
[366]	2	7.76865903269	2.35652055591
[367]	5	6.8617333804	3.76507570079
[369]	7	8.02693460083	5.33593621571
[370]	3	12.3998294748	5.19261342397
[371]	1	2.78009409603	0.0
[372]	1	7.6259084824	0.0
[373]	2	6.35975696268	1.76465122255
[374]	3	7.65611882504	1.42849209385
[375]	1	3.77485045981	0.0
[377]	2	7.6867249564	1.18710839388
[378]	1	15.8571000931	0.0
[379]	4	5.92027170447	2.47238678086
[380]	1	22.7194719571	0.0
[382]	3	6.07020429957	3.41063342722
[383]	1	4.72242677032	0.0
[384]	3	5.42239541551	1.30290176505
[385]	1	8.36971958735	0.0
[386]	1	4.05467595867	0.0
[387]	2	4.71896731289	0.00661400404
[389]	3	6.27593008668	1.38725445265
[390]	2	8.68355609087	0.52184506919
[391]	5	5.02487394038	1.70899724817
[392]	1	4.96799811052	0.0
[393]	3	9.48551342284	5.59834958969
[394]	1	10.9057267445	0.0
[395]	1	6.49868397009	0.0
[396]	4	8.1442108193	3.64147129284
[397]	2	16.4648531926	7.57824285268
[398]	5	6.67118146457	2.99053360078
[400]	3	13.6765744756	3.56539604253
[402]	1	3.03738761094	0.0
[403]	1	18.8713244664	0.0
[404]	1	14.5983025832	0.0
[406]	3	6.71627380762	2.44221837982
[409]	4	6.25438197985	1.68055651326
[410]	2	11.0603640826	1.54804920711
[411]	1	3.02309790212	0.0
[412]	1	17.6975766318	0.0
[414]	1	9.54424293258	0.0
[416]	3	10.5947138399	4.86085602273
[417]	3	8.03517740877	2.53864801609
[418]	2	6.12481274345	0.135975806405
[419]	3	12.2701925282	1.44835751834
[420]	2	3.9121748026	1.18797901431
[422]	2	4.49372795087	0.200030317055
[423]	2	8.57202285639	1.74592492152
[424]	3	8.71895974394	1.8654348365
[425]	2	8.3192619042	3.2622298357
[426]	1	8.47335311413	0.0
[429]	1	3.75597869672	0.0
[430]	1	8.52215476789	0.0
[432]	4	9.3441300938	5.85418787047
[433]	1	6.44710648745	0.0
[434]	4	10.884489717	3.83339880961
[435]	1	11.2265901835	0.0
[436]	2	5.39404760385	2.02173708824
[437]	3	8.04180310427	3.83735773527
[438]	3	6.17931718342	1.53168013069
[439]	1	5.08642572929	0.0
[441]	1	6.59491184365	0.0
[443]	4	7.08577812467	4.29548454288
[444]	1	3.70993608775	0.0
[445]	4	7.46427325818	4.14423228344
[446]	1	12.9320977455	0.0
[447]	1	6.67264365933	0.0
[448]	1	5.1569890207	0.0
[449]	1	15.8571000931	0.0
[451]	1	6.28238191632	0.0
[453]	1	6.17568723128	0.0
[454]	1	4.04827390746	0.0
[456]	1	7.67793526199	0.0
[457]	3	4.76334076647	1.12525888809
[458]	1	4.04465112801	0.0
[459]	2	10.0037082412	5.822238875
[460]	1	10.3910988304	0.0
[461]	3	7.91057310456	2.69981230321
[462]	2	7.52462042342	2.71176962888
[464]	3	10.8339552861	2.41153879852
[465]	1	10.0689146133	0.0
[466]	1	11.8027885642	0.0
[467]	1	4.68191042779	0.0
[468]	1	13.6727022302	0.0
[470]	1	8.14524669839	0.0
[472]	1	5.85659946204	0.0
[473]	2	10.1247718215	4.34675327752
[474]	2	7.20751704906	2.28042389711
[476]	1	2.84893938606	0.0
[478]	2	5.74958630981	1.57326061907
[479]	2	10.0931361947	1.75538468807
[481]	4	6.27855794307	1.39317578344
[482]	4	12.4976898872	4.75310025711
[483]	1	6.29427193184	0.0
[486]	2	8.10439983857	3.31823874623
[487]	4	6.06139925561	2.39863049128
[488]	3	8.12818689884	1.97674885095
[489]	2	9.98011348063	1.46884383517
[491]	1	6.17354919751	0.0
[492]	3	8.74567541126	4.79823578143
[493]	1	7.98725469577	0.0
[496]	2	10.0622418649	4.23661807096
[498]	1	8.21745569051	0.0
[502]	1	8.97403776008	0.0
[503]	1	4.77520840321	0.0
[504]	2	8.77415656313	2.74948216907
[505]	1	4.7224689457	0.0
[507]	2	9.73770637011	5.46720691919
[508]	2	6.23760306262	1.71101209523
[509]	1	9.32914330763	0.0
[510]	2	13.561975062	5.74876827944
[513]	1	3.46341106742	0.0
[514]	2	8.99777647644	2.71499948866
[515]	2	11.0142461605	2.84524611343
[516]	1	8.02437936274	0.0
[517]	2	21.6309612199	13.9713558965
[518]	3	8.64549854456	0.571815242958
[519]	1	15.4311256977	0.0
[521]	4	6.76456598561	2.17088437136
[523]	3	4.69900609076	1.96583086167
[524]	2	6.8241688414	1.34483120565
[526]	1	4.24326534198	0.0
[529]	1	10.5302388665	0.0
[530]	1	8.86011386986	0.0
[531]	1	9.16212319058	0.0
[532]	1	4.56669975798	0.0
[533]	1	5.26177247225	0.0
[534]	1	4.35461782483	0.0
[536]	2	11.221091245	7.14126369454
[539]	2	11.2070251087	1.18952917485
[540]	1	8.46928405025	0.0
[541]	1	16.6363565961	0.0
[542]	1	12.1044096992	0.0
[543]	1	7.4240570925	0.0
[544]	1	13.8611913393	0.0
[548]	1	6.56638148716	0.0
[549]	1	9.76884148698	0.0
[555]	1	13.3851530413	0.0
[556]	1	5.24097613447	0.0
[557]	1	16.040257459	0.0
[558]	1	10.0633048568	0.0
[560]	2	6.68657961136	0.672405596935
[562]	1	8.96311648732	0.0
[564]	1	17.4786201109	0.0
[566]	1	8.96311648732	0.0
[568]	1	4.73444718524	0.0
[570]	2	9.25506439669	5.60349559811
[571]	2	7.734549045	2.9475453057
[572]	2	8.70779445646	2.92735125824
[574]	2	8.13214758347	2.34817413343
[577]	2	10.5274387222	1.48931933876
[578]	1	18.1404254845	0.0
[580]	2	25.2547752587	7.7804432654
[581]	1	8.77102568638	0.0
[582]	2	10.3141410191	3.88375147684
[585]	1	23.2447155876	0.0
[586]	2	14.5100867416	8.70659770831
[587]	2	10.925610932	5.00263085772
[589]	3	7.57841010538	3.48506950764
[590]	1	13.8838093955	0.0
[591]	1	4.0065022017	0.0
[592]	2	16.2551726742	0.6975617075
[594]	2	10.0686718896	4.52589300776
[596]	2	8.27244894895	2.58817552555
[600]	1	4.98040154679	0.0
[601]	1	4.9076571855	0.0
[607]	1	4.27049945093	0.0
[609]	2	9.16603172979	2.40371158341
[611]	2	21.9549069049	18.3939037194
[612]	2	13.6412454184	3.70198439236
[613]	3	8.96948568765	2.63029541808
[614]	3	13.8542402909	5.268533726
[619]	2	12.1947388288	2.45366122527
[621]	1	6.5214010093	0.0
[622]	1	16.5099182364	0.0
[635]	1	8.22517378586	0.0
[638]	1	6.92464459385	0.0
[640]	1	9.25018496292	0.0
[641]	2	7.140957837	0.870242578815
[642]	2	8.46179598289	4.1769607745
[644]	1	19.6662000635	0.0
[646]	1	5.69166659615	0.0
[652]	2	9.20810791598	0.749398697845
[655]	3	16.4396407048	2.80425306762
[658]	1	10.648895007	0.0
[659]	1	9.0888735854	0.0
[662]	1	13.5425498545	0.0
[664]	1	9.96794889473	0.0
[668]	1	12.016758061	0.0
[670]	3	12.2484252959	4.99834360041
[671]	2	11.9659898723	5.63060597826
