Length	Score	ID	Pvalue	Qvalues
519	10.9607216809	106387	0.302	0.498476383951
522	15.831068155	160976	0.241	0.465798045603
11	-0.576864390089	83012	0.538	0.598684210526
11	-0.893292929853	105679	0.574	0.603526366872
11	3.05627741526	105709	0.175	0.416579588993
11	1.10802932062	105722	0.338	0.518772136954
11	-3.33409752971	105790	0.873	0.646376152008
11	-1.44386936635	105939	0.64	0.613636363636
11	-3.72577507955	106030	0.907	0.657612939208
11	1.47756824884	106148	0.288	0.492140424417
11	3.66952989703	106154	0.14	0.381404958678
11	-1.85435139687	106266	0.691	0.613636363636
11	-0.596491160342	106276	0.539	0.598684210526
11	0.161498467569	106347	0.439	0.579038149351
11	0.395195479466	106354	0.413	0.562316715543
11	-0.80950273269	106368	0.566	0.602536997886
11	4.07118759991	106374	0.121	0.371840354767
11	6.68394612201	106407	0.04	0.299102132435
11	-4.79853242239	106416	0.967	0.668732782369
11	-0.79479149509	106546	0.563	0.602536997886
11	-0.546050218845	119555	0.536	0.598684210526
11	-2.36034704084	142268	0.749	0.613636363636
11	4.73093022069	160952	0.083	0.335927770859
11	0.656864571702	187099	0.383	0.544034090909
11	2.30568363324	187179	0.226	0.449647995103
11	3.47196879947	187186	0.15	0.393071686023
11	-1.04451387558	187218	0.591	0.610537190083
11	3.24736758758	198761	0.165	0.407949790795
11	-0.465819479453	205111	0.525	0.596569139673
11	0.395195479466	[106354, 106352]	0.413	0.562316715543
11	-2.36034704084	[142268, 142267]	0.749	0.613636363636
11	-2.36034704084	[142268, 142267, 142266]	0.749	0.613636363636
12	2.64244017457	105707	0.18	0.416579588993
12	2.20192716771	105819	0.213	0.443181818182
12	-3.8175905394	105847	0.889	0.650951898164
12	-3.71480860733	105905	0.879	0.647571606476
12	1.37167183012	106064	0.288	0.492140424417
12	-3.7171574321	106121	0.88	0.647571606476
12	0.123906577271	106149	0.412	0.562316715543
12	-3.07078979053	106158	0.813	0.63211722488
12	2.39228530547	106273	0.197	0.433616742969
12	2.37025568733	106288	0.2	0.433616742969
12	3.09445917167	106351	0.162	0.404698242934
12	0.302305248815	106355	0.385	0.545563549161
12	-0.9939666883	106449	0.543	0.60199556541
12	-3.27693571198	106450	0.84	0.636363636364
12	1.29969483088	106462	0.289	0.492140424417
12	-1.78599839214	106475	0.653	0.613636363636
12	-3.80360816639	106480	0.888	0.650951898164
12	1.37611558237	106483	0.288	0.492140424417
12	-4.52091565483	142207	0.942	0.668138216699
12	2.85198977043	160136	0.168	0.411920030177
12	-1.03728968858	160989	0.55	0.602536997886
12	1.99551081969	161000	0.224	0.449170761671
12	-3.13377596995	161028	0.827	0.634594977007
12	8.53857452025	161072	0.015	0.221590909091
12	-1.75848631889	187092	0.648	0.613636363636
12	11.5013566878	187172	0.004	0.131313131313
12	-3.35377589065	187188	0.849	0.640089418778
13	-1.78342857397	82996	0.676	0.613636363636
13	-5.16215639752	82997	0.961	0.668496216562
13	3.62971137021	83047	0.16	0.404698242934
13	1.25722186976	105649	0.337	0.518772136954
13	1.25722186976	105650	0.337	0.518772136954
13	-1.21831559222	105683	0.601	0.613636363636
13	-2.22956703846	105795	0.724	0.613636363636
13	-0.164993655495	105985	0.475	0.582345191041
13	1.86997896557	106193	0.287	0.492140424417
13	4.39033730432	106212	0.127	0.371840354767
13	1.31343701688	106238	0.334	0.518772136954
13	5.65300452462	106406	0.092	0.348484848485
13	-5.62549806948	106415	0.971	0.668732782369
13	-0.685409943925	106437	0.533	0.598684210526
13	8.38656474414	106538	0.023	0.27990430622
13	-2.24225427704	106545	0.726	0.613636363636
13	-3.80070437117	119523	0.873	0.646376152008
13	0.796153995809	119530	0.387	0.545779995661
13	4.30260352148	142283	0.132	0.373205741627
13	1.32044829509	142358	0.334	0.518772136954
13	6.12687441242	160954	0.077	0.335840418574
13	-3.6384930547	161031	0.857	0.640089418778
13	-0.947380723994	187098	0.565	0.602536997886
13	7.34613062358	187201	0.044	0.302325581395
13	0.411227340065	187209	0.409	0.562050739958
13	0.476603232759	187217	0.404	0.557774001699
13	-1.21831559222	[105683, 105682]	0.601	0.613636363636
13	-2.24225427704	[106545, 105792]	0.726	0.613636363636
13	-2.24225427704	[106545, 105792, 105791]	0.726	0.613636363636
13	-3.6384930547	[161031, 161027]	0.857	0.640089418778
13	-3.6384930547	[161031, 161027, 106535]	0.857	0.640089418778
14	-2.01755187268	82960	0.644	0.613636363636
14	-1.29385413959	83018	0.559	0.602536997886
14	4.1818141923	105659	0.142	0.381404958678
14	2.94577345762	105706	0.204	0.433616742969
14	2.4994716494	105814	0.234	0.457856712824
14	1.2903167077	106008	0.308	0.502762430939
14	-4.97248670381	106059	0.942	0.668138216699
14	3.4530241237	106060	0.179	0.416579588993
14	-2.60619555912	106076	0.723	0.613636363636
14	-3.38549312794	106157	0.8	0.62857660268
14	-3.17808817377	106325	0.778	0.623781916862
14	-0.580967097196	106340	0.48	0.582415531081
14	-0.778310785456	106345	0.505	0.586265404537
14	1.34823240542	106423	0.305	0.500631313131
14	7.85543717448	106463	0.03	0.282225237449
14	-3.56311995756	106522	0.815	0.632565867553
14	2.36119110471	142387	0.243	0.466204250295
14	-0.525963365892	160137	0.474	0.582345191041
14	0.433126539245	160967	0.378	0.543921139102
14	8.13612133362	160973	0.027	0.27990430622
14	-1.95558116248	160988	0.64	0.613636363636
14	-2.73386782322	187107	0.733	0.613636363636
14	5.68128415166	187182	0.083	0.335927770859
14	-1.38867164986	[105795, 105794]	0.57	0.602536997886
14	-0.580967097196	[106340, 106339]	0.48	0.582415531081
14	5.68128415166	[187182, 106500]	0.083	0.335927770859
15	-0.457060255197	82976	0.48	0.582415531081
15	4.06481239756	82983	0.133	0.374242424242
15	-1.71499500738	83025	0.62	0.613636363636
15	3.8654064325	83075	0.141	0.381404958678
15	-6.25057730603	105701	0.978	0.669651322027
15	3.23680106144	105830	0.169	0.412659654395
15	0.592970732132	105834	0.381	0.543921139102
15	-2.12192900656	105863	0.666	0.613636363636
15	-3.38504757313	105894	0.798	0.627890085946
15	-0.749723701386	105900	0.516	0.592052048532
15	-1.14779824119	106055	0.554	0.602536997886
15	1.53636602502	106056	0.295	0.497957099081
15	3.61616808113	106122	0.146	0.388615888616
15	0.680357770871	106147	0.374	0.542997542998
15	6.80145416098	106173	0.051	0.304407713499
15	2.46285843307	106370	0.22	0.449170761671
15	5.3307671784	106373	0.09	0.347593582888
15	-1.4702436817	106445	0.586	0.607496012759
15	-2.71689530339	106448	0.726	0.613636363636
15	-1.2150620061	106466	0.556	0.602536997886
15	5.56637189726	106471	0.085	0.337095790116
15	-2.80097910866	119524	0.734	0.613636363636
15	-3.06108688529	119525	0.762	0.615126676602
15	-4.36991149289	119557	0.886	0.65036702428
15	7.39820310112	142421	0.039	0.299102132435
15	0.901818107565	160975	0.354	0.526071185672
15	7.45114594191	160978	0.039	0.299102132435
15	-2.3198866634	160983	0.688	0.613636363636
15	-1.79869567146	160996	0.629	0.613636363636
15	-2.66341029066	187108	0.725	0.613636363636
15	-3.26751581698	187215	0.782	0.625245700246
15	1.29534751974	187226	0.314	0.50974025974
15	-2.12192900656	[105863, 105862]	0.666	0.613636363636
16	0.867323896017	82932	0.371	0.539968652038
16	2.30406496672	83015	0.263	0.476715002789
16	5.36669736742	105724	0.097	0.350964187328
16	1.14904937892	105764	0.342	0.522198731501
16	8.17433203878	105776	0.036	0.295454545455
16	4.86562832243	105806	0.124	0.371840354767
16	-0.570827471122	105922	0.491	0.584952346041
16	2.66972212793	106349	0.232	0.457856712824
16	0.556684982815	106512	0.393	0.549000644745
16	-1.24899570426	119526	0.555	0.602536997886
16	-1.15867557091	142435	0.548	0.602536997886
16	14.4727633139	161034	0.003	0.118181818182
16	2.36975641249	161067	0.261	0.476715002789
16	-1.31250504469	187091	0.563	0.602536997886
16	-4.37740142879	187213	0.866	0.643682104059
16	-5.88118525819	187214	0.965	0.668496216562
16	1.14904937892	[105764, 105763]	0.342	0.522198731501
16	-2.54415218453	[105894, 105893]	0.696	0.613636363636
16	-2.54415218453	[105894, 105893, 105889]	0.696	0.613636363636
16	-2.54415218453	[105894, 105893, 105889, 105888]	0.696	0.613636363636
16	6.65358142755	[106471, 106099]	0.062	0.315830721003
16	5.64025005052	[106471, 106470]	0.088	0.344370860927
16	0.556684982815	[106512, 106511]	0.393	0.549000644745
17	-6.45787413979	82938	0.978	0.669651322027
17	-1.96885810572	82969	0.631	0.613636363636
17	2.21376642929	82981	0.262	0.476715002789
17	-2.81490524151	105851	0.705	0.613636363636
17	-3.20364095456	105928	0.747	0.613636363636
17	-1.4992040211	106063	0.574	0.603526366872
17	8.73928723608	106179	0.032	0.282225237449
17	2.28009588888	106421	0.26	0.476715002789
17	-2.01637235822	106465	0.638	0.613636363636
17	-0.545223078749	119538	0.483	0.583658672616
17	3.30112885064	142264	0.201	0.433616742969
17	6.89852756294	160972	0.06	0.315830721003
17	12.0794829576	161040	0.012	0.19696969697
17	-0.353073363798	161057	0.463	0.582345191041
17	5.70174694763	161070	0.091	0.348484848485
17	1.23750979987	187088	0.329	0.518772136954
17	-5.18310913715	187174	0.928	0.665489849956
17	3.04023325995	187204	0.216	0.446280991736
17	2.24685714715	[105764, 105763, 105755]	0.26	0.476715002789
17	-2.81490524151	[105851, 105850]	0.705	0.613636363636
17	3.30112885064	[142264, 142255]	0.201	0.433616742969
18	-3.54841864406	82937	0.791	0.626458434614
18	-2.57032564898	82982	0.697	0.613636363636
18	4.82968278428	83120	0.135	0.374519846351
18	-3.50831699028	83124	0.789	0.626458434614
18	-0.400848050733	105887	0.5	0.586237872799
18	-2.67985860381	106021	0.708	0.613636363636
18	7.11828136379	106115	0.061	0.315830721003
18	-3.33429982082	106205	0.771	0.619009387352
18	-0.479981014781	106482	0.51	0.588600852273
18	0.583669806859	106566	0.399	0.553457106274
18	3.39323818519	142373	0.213	0.443181818182
18	12.9152970969	161037	0.007	0.147727272727
18	-1.14578257592	187096	0.562	0.602536997886
18	2.56044726079	187202	0.261	0.476715002789
18	-0.400848050733	[105887, 105886]	0.5	0.586237872799
19	-1.43536035469	83123	0.567	0.602536997886
19	-0.877291186591	105703	0.523	0.596569139673
19	0.973249992563	105832	0.357	0.526071185672
19	-3.31464567319	105846	0.741	0.613636363636
19	1.33030182884	105982	0.334	0.518772136954
19	0.00954620076477	106223	0.442	0.580404040404
19	-6.45445385095	106248	0.955	0.668496216562
19	-2.82045537302	106464	0.7	0.613636363636
19	1.80961189971	106554	0.294	0.49778588174
19	2.34886612276	161006	0.263	0.476715002789
19	4.15111078927	187171	0.168	0.411920030177
19	5.12742215928	187200	0.121	0.371840354767
19	-2.542309213	199556	0.669	0.613636363636
19	-3.31464567319	[105846, 105838]	0.741	0.613636363636
19	0.00954620076477	[106223, 106222]	0.442	0.580404040404
20	-7.12188938586	83008	0.975	0.669651322027
20	4.71797915693	105919	0.126	0.371840354767
20	-6.32219734812	106142	0.953	0.668496216562
20	5.17042375116	106231	0.111	0.366429659726
20	-0.392333300006	106332	0.467	0.582345191041
20	-4.28791121345	161004	0.819	0.632565867553
20	3.48547287482	187223	0.18	0.416579588993
21	2.43103743831	82988	0.26	0.476715002789
21	-6.26243829922	83022	0.954	0.668496216562
21	7.43255104171	83034	0.062	0.315830721003
21	-2.83000168339	105861	0.707	0.613636363636
21	-0.120247870908	105908	0.475	0.582345191041
21	-1.25628842309	106005	0.58	0.607496012759
21	-6.61391098171	106136	0.964	0.668496216562
21	-2.4467510669	106146	0.672	0.613636363636
21	1.30503080501	106236	0.357	0.526071185672
21	-6.52390634702	106245	0.964	0.668496216562
21	-0.764639374762	106481	0.537	0.598684210526
21	-3.03797195317	106543	0.726	0.613636363636
21	1.43131861188	106556	0.345	0.522727272727
21	8.54200156438	119554	0.044	0.302325581395
21	3.05690994656	119556	0.225	0.449170761671
21	-3.99788764616	144182	0.803	0.62905737214
21	4.28268678947	160994	0.163	0.404698242934
21	-6.51625273187	187199	0.963	0.668496216562
21	3.94980519967	187228	0.178	0.416579588993
21	-3.03797195317	[106543, 105793]	0.726	0.613636363636
22	9.92087486116	82934	0.028	0.280431432974
22	-0.290721157106	82984	0.49	0.584952346041
22	1.71216584851	83045	0.348	0.525924203674
22	10.4462369158	105802	0.024	0.27990430622
22	0.710007747777	105981	0.425	0.57206460965
22	10.0902858748	106044	0.026	0.27990430622
22	2.11818701627	106336	0.316	0.510183805266
22	1.35771192165	106344	0.375	0.543114973262
22	4.05302950624	106381	0.184	0.416579588993
22	0.353139900485	106567	0.449	0.581838118022
22	4.07147493781	114227	0.184	0.416579588993
22	-4.41906557741	119547	0.843	0.637758660777
22	-4.02745306617	160134	0.822	0.633281972265
22	7.55236949817	160951	0.056	0.315151515152
22	6.2488012912	161005	0.093	0.35002895194
22	-7.16149452315	161047	0.97	0.668732782369
22	0.922669184618	169344	0.411	0.562316715543
22	-5.76166701193	187101	0.924	0.663426488457
22	7.74478454934	187170	0.051	0.304407713499
22	3.65229853295	187195	0.218	0.447285353535
22	-7.16149452315	[161047, 119541]	0.97	0.668732782369
23	-0.0420249657652	82928	0.47	0.582345191041
23	4.03738645555	83041	0.183	0.416579588993
23	-3.22514633101	106417	0.732	0.613636363636
23	5.19036486641	106438	0.142	0.381404958678
23	3.84745672203	119522	0.186	0.419500346981
23	2.16729094592	142242	0.28	0.492140424417
23	0.737529327086	147586	0.401	0.554928677879
23	-3.5051699002	161025	0.756	0.613636363636
23	7.49891692321	161066	0.077	0.335840418574
23	4.22725861079	187197	0.179	0.416579588993
24	-1.5816326353	82929	0.583	0.607496012759
24	9.76733341947	82993	0.031	0.282225237449
24	7.22877133893	83096	0.083	0.335927770859
24	6.92466802164	105658	0.095	0.350852272727
24	5.15722573707	105895	0.149	0.393060064935
24	-2.17031996612	106019	0.632	0.613636363636
24	-2.96374756883	106145	0.703	0.613636363636
24	-0.363839166774	106281	0.47	0.582345191041
24	-6.35730947562	106335	0.913	0.661151960784
24	-7.08324135523	106342	0.94	0.668138216699
24	-3.11476956931	106558	0.715	0.613636363636
24	-9.3653562346	161060	0.992	0.673772204807
24	-3.11476956931	[106558, 106000]	0.715	0.613636363636
25	-5.47909124993	83002	0.869	0.645100502513
25	5.87552951039	83007	0.121	0.371840354767
25	-1.75948970638	83095	0.61	0.613636363636
25	3.25237725629	105911	0.225	0.449170761671
25	-5.61013040715	106009	0.878	0.647571606476
25	-3.08988093543	106065	0.718	0.613636363636
25	-7.93397391416	106244	0.965	0.668496216562
25	1.14364382964	106501	0.364	0.533865886589
25	2.53950156526	106564	0.265	0.478871281624
25	12.3226954265	119533	0.018	0.247357293869
25	-7.64982663035	142269	0.96	0.668496216562
25	13.7786624259	161036	0.005	0.134297520661
25	-6.45719542307	161062	0.915	0.661789251141
25	2.28153333299	187095	0.285	0.492140424417
25	-3.35798333883	187105	0.737	0.613636363636
25	6.50363933047	187192	0.103	0.354545454545
26	-4.90239280471	82958	0.828	0.634594977007
26	-3.83332899912	82995	0.77	0.619009387352
26	-8.44243288907	83046	0.965	0.668496216562
26	-1.22289680718	105927	0.566	0.602536997886
26	-4.38830442179	106156	0.801	0.62857660268
26	16.8697835643	106430	0.006	0.141818181818
26	3.32079021567	106461	0.251	0.476715002789
26	-1.96602412439	106541	0.629	0.613636363636
26	-9.66401050262	119540	0.988	0.672601591956
26	-1.49892254658	160138	0.585	0.607496012759
26	-3.35982187043	187090	0.735	0.613636363636
26	-7.40647754876	[106244, 106243]	0.938	0.667798466594
26	0.190665565631	[106558, 106000, 105945]	0.462	0.582345191041
26	2.13085084891	[106564, 106563]	0.308	0.502762430939
26	7.40299036403	[119522, 119520]	0.101	0.354545454545
27	4.83971094885	83014	0.163	0.404698242934
27	9.67937024012	83112	0.039	0.299102132435
27	-6.35892360223	105727	0.922	0.663426488457
27	-0.981572654076	105777	0.53	0.598684210526
27	-0.149997594091	105892	0.471	0.582345191041
27	-2.61312315013	105903	0.676	0.613636363636
27	-5.55294528844	105907	0.883	0.648971053822
27	2.28270905527	106054	0.304	0.500379842998
27	-2.45887703273	106334	0.657	0.613636363636
27	23.3017648019	106537	0.0	0.0
27	4.73371583523	106565	0.17	0.413393191171
27	0.100959943117	160960	0.457	0.582345191041
27	16.695460417	160998	0.001	0.0738636363636
27	-7.10226442243	161061	0.948	0.668496216562
27	1.73773904151	169354	0.335	0.518772136954
27	-3.62443570603	187183	0.736	0.613636363636
27	-0.149997594091	[105892, 105891]	0.471	0.582345191041
27	17.6031939683	[106430, 106428]	0.001	0.0738636363636
27	23.3017648019	[106537, 106536]	0.0	0.0
27	16.695460417	[160998, 160997]	0.001	0.0738636363636
28	2.55218707769	82927	0.3	0.497957099081
28	-2.27062954073	82966	0.623	0.613636363636
28	8.90962907379	82977	0.069	0.323153409091
28	8.05819719978	82992	0.079	0.335840418574
28	-0.835718857077	106002	0.515	0.592052048532
28	-2.98101355783	106036	0.681	0.613636363636
28	8.29086346355	106073	0.078	0.335840418574
28	6.62517320377	106082	0.119	0.371840354767
28	0.916415959096	106150	0.395	0.550493138937
28	6.52743681402	106170	0.128	0.371840354767
28	7.64503084274	106203	0.09	0.347593582888
28	0.658710457457	106247	0.416	0.565099268548
28	12.1174006431	106497	0.027	0.27990430622
28	-10.6187582496	119539	0.996	0.675712347354
28	10.2119889469	142419	0.049	0.304407713499
28	9.47574631002	149806	0.058	0.315830721003
28	-3.53888919844	161055	0.726	0.613636363636
28	-5.69392753704	205244	0.857	0.640089418778
28	-1.04023521028	[105927, 105926]	0.527	0.596569139673
28	-0.835718857077	[106002, 105949]	0.515	0.592052048532
28	6.62517320377	[106082, 106080]	0.119	0.371840354767
28	12.1174006431	[106497, 106469]	0.027	0.27990430622
28	12.1174006431	[106497, 106469, 106468]	0.027	0.27990430622
28	-3.53888919844	[161055, 161054]	0.726	0.613636363636
29	1.88422589095	82931	0.325	0.518772136954
29	8.42628128452	82978	0.073	0.329285218598
29	-4.11982936876	83037	0.768	0.61828090166
29	5.52586076775	83084	0.158	0.404698242934
29	-6.78306674639	105923	0.92	0.663426488457
29	-0.288282070617	106057	0.479	0.582415531081
29	-4.75790969756	106204	0.819	0.632565867553
29	4.17633978064	119535	0.199	0.433616742969
29	-3.94989073496	[161055, 161054, 161053]	0.756	0.613636363636
29	-3.94989073496	[161055, 161054, 161053, 161051]	0.756	0.613636363636
30	-0.0122410298045	82930	0.472	0.582345191041
30	-0.719339016106	83021	0.525	0.596569139673
30	6.78655386008	83125	0.121	0.371840354767
30	7.1186261526	101144	0.113	0.366883116883
30	6.57484145555	105778	0.129	0.371840354767
30	-5.39578468572	105789	0.853	0.640089418778
30	8.99233022697	105957	0.07	0.323153409091
30	7.50017447074	106013	0.104	0.354545454545
30	6.49399716451	106015	0.13	0.372903795234
30	-1.08538643299	106262	0.558	0.602536997886
30	-4.72682755651	106380	0.807	0.62905737214
30	-9.79866619413	106494	0.983	0.672201786653
30	6.55168807647	106573	0.129	0.371840354767
30	6.72777538506	119527	0.122	0.371840354767
30	0.973770066329	161043	0.388	0.545887445887
31	8.14967873092	83004	0.078	0.335840418574
31	-3.46308095629	101142	0.725	0.613636363636
31	-2.18461158157	105884	0.634	0.613636363636
31	-2.18995634678	106328	0.634	0.613636363636
31	11.1985649288	106338	0.031	0.282225237449
31	9.19996933969	106405	0.051	0.304407713499
31	12.0474445778	106467	0.026	0.27990430622
31	11.4286152338	119553	0.026	0.27990430622
31	1.84889071894	161075	0.329	0.518772136954
31	-1.82143367184	169346	0.607	0.613636363636
31	-2.49810530168	187100	0.653	0.613636363636
31	5.39808138242	187102	0.154	0.399122807018
31	1.80131193617	194384	0.338	0.518772136954
31	13.3705437213	[105963, 105962]	0.018	0.247357293869
31	7.04247600021	[106013, 106011]	0.105	0.354545454545
32	-2.12176808588	82949	0.596	0.612490118577
32	-0.257894385848	83043	0.469	0.582345191041
32	-4.58672939215	106518	0.785	0.625996810207
32	2.72768541043	169349	0.277	0.491536991537
33	-3.76240042868	83057	0.729	0.613636363636
33	9.17892413169	105678	0.056	0.315151515152
33	10.8757085678	105964	0.032	0.282225237449
33	4.84466561232	106014	0.172	0.414842300557
33	0.130826731221	106097	0.454	0.582345191041
33	-2.12284037323	106144	0.616	0.613636363636
33	-2.48078183066	106265	0.639	0.613636363636
33	21.0104153298	161035	0.003	0.118181818182
33	10.8757085678	[105964, 105963]	0.032	0.282225237449
33	4.84466561232	[106014, 106007]	0.172	0.414842300557
34	-0.685330428656	82959	0.534	0.598684210526
34	3.05178073986	83033	0.284	0.492140424417
34	-5.99808507943	83039	0.859	0.640089418778
34	-0.527526518021	83121	0.526	0.596569139673
34	3.30538693681	105697	0.276	0.491237677985
34	5.58384263645	106562	0.174	0.416579588993
34	-8.11157727274	161059	0.935	0.66646562123
34	-1.26312317125	161063	0.559	0.602536997886
34	12.509825982	[105964, 105962, 105961]	0.032	0.282225237449
35	0.659747420422	104488	0.431	0.573607698608
35	-3.6183176507	105999	0.72	0.613636363636
35	-3.60956213625	106418	0.719	0.613636363636
35	6.82877608542	106553	0.128	0.371840354767
35	-6.94570911195	169350	0.891	0.651608910891
35	10.8442802026	187191	0.047	0.304407713499
35	9.284230162	187208	0.069	0.323153409091
35	-3.6183176507	[105999, 105998]	0.72	0.613636363636
35	-3.6183176507	[105999, 105998, 105944]	0.72	0.613636363636
35	-3.6183176507	[105999, 105998, 105944, 105943]	0.72	0.613636363636
35	-3.6183176507	[105999, 105998, 105944, 105943, 105942]	0.72	0.613636363636
35	-3.6183176507	[105999, 105998, 105944, 105943, 105942, 105941]	0.72	0.613636363636
36	-0.143578912178	82964	0.476	0.582345191041
36	0.504153120835	83038	0.434	0.576302349336
36	10.0234513612	83088	0.065	0.323153409091
36	4.6140823906	83115	0.208	0.438961038961
36	7.03118754566	105656	0.126	0.371840354767
36	2.24845155378	105754	0.336	0.518772136954
36	1.13385057329	106053	0.386	0.545672031318
36	9.09957665234	106114	0.078	0.335840418574
36	-2.97844350241	106363	0.671	0.613636363636
36	11.5699050381	106444	0.048	0.304407713499
36	7.56011539602	106460	0.11	0.365168539326
36	7.0927275835	128760	0.124	0.371840354767
36	0.0977401346474	160958	0.458	0.582345191041
36	24.0730740926	161033	0.0	0.0
36	6.51561956124	187220	0.138	0.379281183932
36	8.73022453766	194385	0.084	0.337095790116
37	6.19812521749	83035	0.163	0.404698242934
37	5.597125724	83058	0.18	0.416579588993
37	-1.13304352846	105767	0.536	0.598684210526
37	13.0839787133	130626	0.036	0.295454545455
37	-1.13304352846	[105767, 105766]	0.536	0.598684210526
38	1.83846573085	105980	0.353	0.526071185672
38	9.49932349314	106200	0.069	0.323153409091
38	5.35331273007	160949	0.202	0.433616742969
38	-0.223886034005	161052	0.502	0.586237872799
38	9.05874987896	169356	0.08	0.335927770859
38	-1.49184707616	170720	0.6	0.613636363636
38	3.05342681967	172846	0.289	0.492140424417
38	-4.88588309906	187194	0.791	0.626458434614
38	5.35331273007	[160949, 106561]	0.202	0.433616742969
38	-0.223886034005	[161052, 106004]	0.502	0.586237872799
38	-0.223886034005	[161052, 106004, 106003]	0.502	0.586237872799
38	-0.223886034005	[161052, 106004, 106003, 106001]	0.502	0.586237872799
38	-0.223886034005	[161052, 106004, 106003, 106001, 105950]	0.502	0.586237872799
38	-0.223886034005	[161052, 106004, 106003, 106001, 105950, 105948]	0.502	0.586237872799
39	10.9797665917	82998	0.058	0.315830721003
39	-4.83371074452	105953	0.761	0.615126676602
39	10.4178253127	106560	0.067	0.323153409091
39	5.5044586736	125138	0.204	0.433616742969
39	-2.63985452293	160141	0.616	0.613636363636
39	3.99420843125	160999	0.259	0.476715002789
39	4.70640742035	205110	0.229	0.45408785845
39	10.4178253127	[106560, 106559]	0.067	0.323153409091
40	2.89616527979	83030	0.297	0.497957099081
40	2.55746150817	83044	0.324	0.518772136954
40	-11.2997219045	83074	0.978	0.669651322027
40	7.5121698476	106327	0.116	0.370515970516
40	11.9667611763	143700	0.036	0.295454545455
41	13.9005251481	82990	0.031	0.282225237449
41	-8.13738595124	83040	0.902	0.657612939208
41	12.4693485103	106496	0.041	0.299102132435
41	2.05684844563	187181	0.332	0.518772136954
41	2.05684844563	[187181, 187180]	0.332	0.518772136954
42	7.90695303256	82952	0.117	0.371700879765
42	-0.0177251685137	82974	0.471	0.582345191041
42	-3.73207471936	105925	0.717	0.613636363636
42	1.49477544962	160135	0.379	0.543921139102
42	12.9057455519	[106496, 106495]	0.042	0.302325581395
43	5.38209171746	82935	0.213	0.443181818182
43	-1.19053536388	82973	0.567	0.602536997886
43	7.50392508165	82994	0.135	0.374519846351
43	21.8223911099	83094	0.005	0.134297520661
43	0.674643954901	105750	0.46	0.582345191041
43	-2.69414977862	105890	0.635	0.613636363636
43	1.1974900548	187189	0.436	0.577660008153
44	1.89670903803	82940	0.365	0.533865886589
44	4.0222720246	82979	0.258	0.476715002789
44	-8.46239013602	83062	0.92	0.663426488457
44	8.52376998865	106198	0.108	0.362603305785
44	-13.1369821698	106548	0.988	0.672601591956
44	0.715453908313	187094	0.431	0.573607698608
45	-3.19629309766	169347	0.663	0.613636363636
46	-4.9603404988	83063	0.749	0.613636363636
46	0.747362106272	83109	0.422	0.570626170169
46	6.84610172822	105979	0.159	0.404698242934
46	-4.84342319637	106111	0.746	0.613636363636
46	-9.80947615601	106176	0.934	0.66646562123
46	-3.48911808077	106242	0.674	0.613636363636
46	-4.58254424652	106359	0.731	0.613636363636
46	4.0766530158	106413	0.249	0.476169461606
46	-1.05364329794	160993	0.539	0.598684210526
47	17.6806074683	82956	0.011	0.19696969697
47	-0.00739527363197	82975	0.469	0.582345191041
47	8.21403884687	105677	0.116	0.370515970516
47	1.36101832005	105906	0.38	0.543921139102
47	14.6018821216	105960	0.025	0.27990430622
47	-10.1652751204	106026	0.958	0.668496216562
47	9.0593848185	106229	0.098	0.350964187328
47	3.87883831497	119551	0.261	0.476715002789
47	4.64097499837	152665	0.233	0.457856712824
47	-9.40917509607	160939	0.943	0.668138216699
47	9.0593848185	[106229, 106228]	0.098	0.350964187328
48	6.18098198152	82957	0.188	0.422398893882
48	13.6782964398	83099	0.041	0.299102132435
48	12.4056956935	83101	0.055	0.315151515152
48	-4.03091292897	105749	0.726	0.613636363636
48	-4.09123036603	105883	0.73	0.613636363636
48	-5.54075820232	105972	0.808	0.62905737214
48	5.66878885769	377262	0.207	0.438416422287
48	-4.03091292897	[105749, 105748]	0.726	0.613636363636
48	-4.03091292897	[105749, 105748, 105747]	0.726	0.613636363636
48	-5.54075820232	[105972, 105969]	0.808	0.62905737214
48	-10.047284142	[160939, 105744]	0.949	0.668496216562
49	-3.38800244337	106261	0.653	0.613636363636
49	-2.50236821175	119546	0.608	0.613636363636
49	-9.37239947174	161015	0.934	0.66646562123
49	2.26681754266	169355	0.336	0.518772136954
49	-8.9451077965	187212	0.923	0.663426488457
49	-4.99695995179	[105972, 105971]	0.752	0.613636363636
49	-4.99695995179	[105972, 105971, 105970]	0.752	0.613636363636
49	-8.28409182259	[106026, 105797]	0.903	0.657612939208
49	-8.28409182259	[106026, 105797, 105796]	0.903	0.657612939208
50	11.0182969745	82986	0.074	0.331267217631
50	7.07132386507	83103	0.163	0.404698242934
50	-5.76638924116	83113	0.783	0.625245700246
50	5.09225326642	83119	0.234	0.457856712824
50	-2.98607880446	106017	0.642	0.613636363636
50	9.85335113942	106443	0.096	0.350964187328
50	11.7714038269	169348	0.069	0.323153409091
51	0.865325726548	83020	0.438	0.579011592434
51	-1.42638812699	83032	0.566	0.602536997886
51	10.2267666736	83117	0.095	0.350852272727
51	-4.61819734398	105700	0.753	0.613636363636
51	-3.45639771038	106414	0.676	0.613636363636
51	5.12473057758	122191	0.242	0.465798045603
51	13.5881666147	160959	0.051	0.304407713499
51	-1.72295957131	187187	0.583	0.607496012759
51	15.3752817966	[105960, 105959]	0.04	0.299102132435
51	-3.25165763698	[106026, 105797, 105796, 105788]	0.666	0.613636363636
51	-11.329630595	[106026, 105828]	0.96	0.668496216562
52	22.8501959212	83086	0.003	0.118181818182
52	-3.43599281995	105771	0.685	0.613636363636
52	-6.67831459524	106241	0.835	0.636363636364
52	-1.65657769159	160947	0.596	0.612490118577
52	0.210961619232	187104	0.51	0.588600852273
52	-3.0962623363	[106026, 105797, 105796, 105788, 105686]	0.67	0.613636363636
53	19.0004276298	83059	0.012	0.19696969697
53	-8.58076801365	105824	0.907	0.657612939208
53	1.29071789224	187173	0.389	0.545994385662
53	-5.69656705564	[105744, 105743]	0.793	0.626458434614
53	-5.69656705564	[105744, 105743, 105741]	0.793	0.626458434614
54	-2.42374953263	82987	0.593	0.611534190068
54	-7.4775762122	105685	0.853	0.640089418778
54	-6.09572455295	105836	0.787	0.626458434614
54	-14.0637637364	106552	0.984	0.672201786653
54	16.4990352071	119532	0.015	0.221590909091
54	-6.3869274296	169345	0.797	0.627890085946
54	-2.81083399579	187106	0.613	0.613636363636
54	-2.0899287975	[160947, 105996]	0.572	0.603526366872
55	3.70015377605	105811	0.286	0.492140424417
55	4.92184894483	187178	0.222	0.449170761671
55	3.70015377605	[105811, 105810]	0.286	0.492140424417
56	9.94381484979	83104	0.098	0.350964187328
56	-2.47358498076	119545	0.627	0.613636363636
56	-6.39579017953	161050	0.819	0.632565867553
56	8.15425824091	373900	0.149	0.393060064935
56	-0.684668640999	[105743, 105741, 105740]	0.517	0.592052048532
56	-2.47358498076	[119545, 106165]	0.627	0.613636363636
56	-6.39579017953	[161050, 161049]	0.819	0.632565867553
57	9.90514748877	83085	0.1	0.354545454545
57	-5.09089309346	125137	0.725	0.613636363636
57	-1.11163851189	144181	0.518	0.592052048532
58	3.04811329027	83106	0.334	0.518772136954
58	11.4617864246	119552	0.07	0.323153409091
59	8.42157152672	83031	0.129	0.371840354767
59	5.15303192621	83066	0.224	0.449170761671
59	7.40887205555	105689	0.161	0.404698242934
59	-0.207644366557	160962	0.454	0.582345191041
59	2.05483418032	169353	0.351	0.526071185672
60	15.0370932901	82991	0.044	0.302325581395
60	10.5897660584	83073	0.095	0.350852272727
60	8.58476421668	219802	0.151	0.393071686023
61	9.65163475681	83102	0.101	0.354545454545
61	-6.56522007336	83108	0.807	0.62905737214
61	19.7222494756	83110	0.013	0.202153110048
62	10.6996749344	82926	0.083	0.335927770859
62	8.11898543306	83093	0.143	0.382352941176
62	4.77709222151	83107	0.253	0.476715002789
62	4.55944277774	105783	0.263	0.476715002789
62	-11.5568916506	105821	0.947	0.668496216562
62	3.10374638372	119519	0.318	0.510622529644
62	3.64549375259	119543	0.298	0.497957099081
63	-7.1998337913	83042	0.833	0.636363636364
63	13.3659347317	83082	0.065	0.323153409091
63	7.4201511557	83114	0.176	0.416579588993
63	2.18994079979	105808	0.382	0.543921139102
63	-7.50768989052	105835	0.839	0.636363636364
63	-4.77374843759	117292	0.748	0.613636363636
63	-10.2310497973	161014	0.922	0.663426488457
63	4.12799058974	[105783, 105770]	0.288	0.492140424417
63	2.18994079979	[105808, 105807]	0.382	0.543921139102
63	-7.66266034065	[105833, 105831]	0.844	0.637758660777
63	-7.50768989052	[105836, 105835, 105833]	0.839	0.636363636364
64	-1.1130067029	93344	0.504	0.586256263422
64	13.3604985804	117293	0.061	0.315830721003
64	-6.20846288995	[105833, 105831, 105829]	0.762	0.615126676602
65	2.12999501018	83081	0.356	0.526071185672
65	12.5425239088	106110	0.066	0.323153409091
65	-4.16205274754	117291	0.674	0.613636363636
66	10.0992061163	83055	0.105	0.354545454545
66	6.01211270205	106199	0.223	0.449170761671
67	2.92283933076	105699	0.353	0.526071185672
67	-5.08474784763	105901	0.727	0.613636363636
67	-1.64821236823	106504	0.561	0.602536997886
67	9.47948545095	218111	0.138	0.379281183932
68	7.48166459969	83070	0.182	0.416579588993
68	23.3760079725	106427	0.006	0.141818181818
69	6.14051206029	83116	0.21	0.441604658687
69	6.70829167775	106441	0.189	0.423037190083
69	18.8035248519	193146	0.012	0.19696969697
69	-1.17660512393	200309	0.558	0.602536997886
70	13.817934894	106041	0.06	0.315830721003
70	4.25275184823	106050	0.289	0.492140424417
70	-15.1030062942	106540	0.976	0.669651322027
70	-2.07460058098	149807	0.576	0.604553528177
70	14.6501328382	154409	0.051	0.304407713499
70	6.12708341805	169352	0.222	0.449170761671
70	-5.79887136743	[105901, 105899]	0.744	0.613636363636
70	-5.79887136743	[105901, 105899, 105787]	0.744	0.613636363636
70	-5.79887136743	[105901, 105899, 105787, 105786]	0.744	0.613636363636
71	-13.0758949222	106555	0.955	0.668496216562
71	-1.88084582477	205107	0.549	0.602536997886
72	13.3742258379	83052	0.06	0.315830721003
72	10.3055420283	153376	0.113	0.366883116883
72	-5.0452303871	205243	0.746	0.613636363636
73	10.2272468154	105909	0.123	0.371840354767
73	-0.478111162612	137910	0.504	0.586256263422
73	26.5181113306	375172	0.004	0.131313131313
73	-3.12976642587	[187082, 187081]	0.646	0.613636363636
73	0.877929444743	[205107, 187082]	0.448	0.581838118022
73	0.877929444743	[205107, 187082, 106395]	0.448	0.581838118022
73	0.877929444743	[205107, 187082, 106395, 106389]	0.448	0.581838118022
74	1.09231655134	105721	0.429	0.573529411765
74	9.3128561941	114229	0.141	0.381404958678
74	-2.89819709822	187097	0.609	0.613636363636
75	-10.6780289551	105898	0.905	0.657612939208
75	13.2582125383	106250	0.072	0.327272727273
75	4.21184994814	187198	0.299	0.497957099081
75	-10.6780289551	[105898, 105820]	0.905	0.657612939208
75	7.09836078492	[106050, 106048]	0.196	0.433616742969
75	13.2582125383	[106250, 106249]	0.072	0.327272727273
76	-1.53521186961	83060	0.546	0.602536997886
76	11.2398476292	83118	0.102	0.354545454545
76	-3.83696770928	105904	0.668	0.613636363636
76	31.3005894053	119304	0.001	0.0738636363636
76	-4.1616617391	160944	0.678	0.613636363636
76	16.8907649357	193328	0.036	0.295454545455
76	-4.1616617391	[160944, 105826]	0.678	0.613636363636
76	-4.1616617391	[160944, 105826, 105825]	0.678	0.613636363636
77	10.2898603765	83064	0.132	0.373205741627
77	25.4705072554	83068	0.01	0.19696969697
77	-3.71350279646	106263	0.647	0.613636363636
77	-4.31717716221	131226	0.673	0.613636363636
77	19.4876105736	160966	0.028	0.280431432974
77	4.23341864442	169351	0.294	0.49778588174
77	-10.4418389945	205242	0.874	0.646376152008
77	-4.28101214025	[187082, 187081, 106397]	0.673	0.613636363636
77	-4.28101214025	[187082, 187081, 106397, 106396]	0.673	0.613636363636
78	23.1586267113	83049	0.008	0.163009404389
78	-2.18271877559	105921	0.585	0.607496012759
78	-12.5588742801	106077	0.934	0.66646562123
78	24.3791712425	106426	0.007	0.147727272727
78	18.0199733453	172847	0.023	0.27990430622
79	3.71827955688	83072	0.318	0.510622529644
79	-0.386978028156	83078	0.491	0.584952346041
79	7.36145595235	161003	0.203	0.433616742969
79	-9.10179264542	[106077, 105978]	0.837	0.636363636364
80	-4.76910907518	106404	0.683	0.613636363636
80	5.92671735953	106493	0.242	0.465798045603
80	10.7114509162	121494	0.115	0.370515970516
80	-8.37070279693	187211	0.825	0.634594977007
80	5.97757556955	377263	0.24	0.465798045603
80	-4.76910907518	[106404, 106403]	0.683	0.613636363636
80	-4.76910907518	[106404, 106403, 106402]	0.683	0.613636363636
80	-4.76910907518	[106404, 106403, 106402, 106390]	0.683	0.613636363636
81	-8.92408155735	[106077, 105978, 105977]	0.85	0.640089418778
81	25.3110347259	[106426, 106424]	0.002	0.118181818182
82	-13.1665567537	106378	0.951	0.668496216562
82	-8.94375841823	[105978, 105977, 105976]	0.859	0.640089418778
83	17.556828848	83111	0.037	0.299102132435
83	21.0476092213	114228	0.016	0.230598669623
84	22.8292284446	83091	0.013	0.202153110048
85	14.1395019042	82989	0.056	0.315151515152
86	9.38062437902	119559	0.181	0.416579588993
86	16.0889049243	169306	0.044	0.302325581395
86	-6.07757620736	187089	0.72	0.613636363636
86	24.5740958143	[106426, 106424, 106420]	0.003	0.118181818182
86	-6.07757620736	[187089, 106401]	0.72	0.613636363636
86	-6.07757620736	[187089, 106401, 106391]	0.72	0.613636363636
88	-7.3398747182	106551	0.797	0.627890085946
88	-9.18790267589	161048	0.864	0.643004350813
89	16.1424835113	119571	0.05	0.304407713499
90	2.13797410741	83076	0.354	0.526071185672
90	-8.34733385417	[106551, 106550]	0.79	0.626458434614
91	5.02246138027	106557	0.3	0.497957099081
92	3.92417384451	160961	0.275	0.490936555891
93	11.5209160771	83092	0.109	0.363893168978
93	0.517478225763	106062	0.476	0.582345191041
93	10.7826622546	147809	0.132	0.373205741627
94	-15.8928770907	[106077, 106074]	0.958	0.668496216562
95	-7.02994361943	160955	0.752	0.613636363636
95	-0.15688070397	169642	0.493	0.586153283336
95	3.13443171032	[160961, 106474]	0.365	0.533865886589
96	14.7476666664	83080	0.082	0.335927770859
96	18.3174092767	106096	0.041	0.299102132435
97	-4.03071998139	82946	0.635	0.613636363636
97	-10.2543323189	105897	0.834	0.636363636364
97	0.241602416792	105952	0.449	0.581838118022
97	-10.2543323189	[105897, 105784]	0.834	0.636363636364
97	0.241602416792	[105952, 105951]	0.449	0.581838118022
97	-7.60571428663	[160955, 105973]	0.764	0.61589978916
99	-8.72286269898	106400	0.808	0.62905737214
99	34.6379067172	167324	0.003	0.118181818182
99	1.74294971181	[160961, 106474, 106341]	0.396	0.550588235294
100	8.0340604317	105815	0.203	0.433616742969
100	32.1427243707	126909	0.004	0.131313131313
100	-3.97092156389	[160955, 105978, 105977, 105973, 105968]	0.626	0.613636363636
101	-1.23682478381	105769	0.549	0.602536997886
102	-6.91271446098	[160955, 105973, 105967]	0.752	0.613636363636
102	-6.91271446098	[160955, 105973, 105967, 105966]	0.752	0.613636363636
103	-0.324073961001	106485	0.496	0.586237872799
103	16.0554205891	106503	0.059	0.315830721003
103	16.0554205891	[106503, 106502]	0.059	0.315830721003
106	-11.4721542749	83122	0.879	0.647571606476
106	0.981867988133	105837	0.455	0.582345191041
106	28.8325971972	106419	0.007	0.147727272727
107	6.63025159991	82942	0.237	0.462196219622
107	24.0970565738	83083	0.012	0.19696969697
107	5.57564587734	160942	0.271	0.485261707989
107	5.57564587734	[160942, 105801]	0.271	0.485261707989
108	1.61511528427	83079	0.428	0.573529411765
108	6.06754465418	119544	0.288	0.492140424417
108	5.04295686437	160140	0.312	0.507888805409
108	-9.64252170187	[106400, 106398]	0.836	0.636363636364
109	15.011142471	83069	0.085	0.337095790116
109	43.0161787803	96530	0.001	0.0738636363636
109	3.82647932758	101143	0.345	0.522727272727
110	2.55584492609	83065	0.406	0.559228650138
110	1.86564928065	99052	0.425	0.57206460965
110	-2.38508555202	193147	0.582	0.607496012759
111	-6.8286970028	105739	0.723	0.613636363636
111	0.681706297361	125136	0.452	0.582345191041
112	-3.40657833771	161013	0.629	0.613636363636
113	0.159749677901	105995	0.482	0.583643815201
115	9.63824827489	83054	0.161	0.404698242934
115	-0.421696302629	105782	0.487	0.584952346041
116	3.08468393411	83098	0.382	0.543921139102
117	-8.19514938185	153910	0.783	0.625245700246
118	-3.42403140499	106010	0.605	0.613636363636
120	16.0970172978	83071	0.092	0.348484848485
121	4.02263444951	187196	0.343	0.522375820056
122	-15.4742461983	83036	0.935	0.66646562123
123	6.34087730281	119549	0.263	0.476715002789
123	-5.630867318	173973	0.691	0.613636363636
124	-0.138428286797	105813	0.49	0.584952346041
124	0.563005634567	[105995, 105984]	0.466	0.582345191041
125	-7.47090177113	83056	0.741	0.613636363636
125	0.220925574772	83061	0.487	0.584952346041
125	-6.75476379657	106388	0.723	0.613636363636
126	6.50375752279	83090	0.27	0.485261707989
127	-10.007762414	106068	0.82	0.632565867553
127	-3.36110051707	160941	0.63	0.613636363636
127	-3.26038652391	160948	0.629	0.613636363636
127	10.0214373092	160950	0.214	0.44370015949
130	27.9874390897	106534	0.011	0.19696969697
131	-8.27317339638	[106068, 106067]	0.76	0.615126676602
132	-7.95573688547	105965	0.745	0.613636363636
132	16.9393779135	160957	0.066	0.323153409091
132	12.2083108605	177876	0.124	0.371840354767
136	3.67140013606	187193	0.356	0.526071185672
136	32.902555254	198774	0.005	0.134297520661
140	4.6572916397	105698	0.316	0.510183805266
143	10.0539860458	105648	0.19	0.423670668954
145	6.04347421302	83097	0.296	0.497957099081
145	16.9594093057	106385	0.088	0.344370860927
145	15.4352161439	198759	0.104	0.354545454545
145	15.3459635928	[160957, 106343]	0.105	0.354545454545
146	-7.60379658548	217173	0.733	0.613636363636
147	-0.864342285179	83077	0.509	0.588600852273
147	0.461835230729	187103	0.473	0.582345191041
147	-20.0576297633	377873	0.968	0.668732782369
152	-27.601784907	167325	0.988	0.672601591956
623	-6.26903166017	106230	0.588	0.608501830919
156	15.1359819872	82944	0.112	0.366883116883
158	11.2925159448	83050	0.176	0.416579588993
158	1.75218895548	105818	0.429	0.573529411765
159	9.60673828461	106337	0.217	0.446784922395
163	-5.73685046765	83100	0.663	0.613636363636
164	-5.32790981141	99051	0.668	0.613636363636
166	-7.46049163916	106358	0.708	0.613636363636
166	22.0045462074	106384	0.053	0.310081008101
168	19.4484838695	160977	0.079	0.335840418574
174	14.1866706113	106043	0.151	0.393071686023
174	7.00562925599	106169	0.302	0.498476383951
178	25.0112335037	106516	0.046	0.304407713499
182	-7.87063593231	102279	0.703	0.613636363636
184	2.92995999665	106160	0.368	0.536924803591
185	23.6403951823	106459	0.048	0.304407713499
187	37.4169620946	83067	0.005	0.134297520661
191	38.1118285006	83089	0.006	0.141818181818
191	11.9206513933	106034	0.192	0.426520847573
197	-6.50473028847	105983	0.655	0.613636363636
1057	-5.66851945873	105937	0.564	0.602536997886
203	8.8989743625	119550	0.254	0.476715002789
224	-0.12554269204	373901	0.489	0.584952346041
229	29.294749131	83048	0.033	0.286764705882
232	25.6946970373	105688	0.052	0.307272727273
234	30.835484772	119558	0.022	0.27990430622
235	-15.3790482088	83051	0.827	0.634594977007
235	8.5904975771	161012	0.256	0.476715002789
237	24.4690854315	106196	0.045	0.304407713499
239	2.59957123262	83053	0.45	0.581857966978
252	31.4321726353	106439	0.025	0.27990430622
252	42.7175757044	106513	0.002	0.118181818182
270	0.539342161822	105812	0.456	0.582345191041
790	-5.19655099496	119548	0.569	0.602536997886
280	13.9408983613	106357	0.183	0.416579588993
285	-16.5956865913	106510	0.854	0.640089418778
299	29.663672556	83105	0.049	0.304407713499
325	-55.0986084856	106383	1.0	0.677648040033
348	-41.5972723881	83087	0.99	0.673187571922
884	-15.848025856	106356	0.69	0.613636363636
384	4.8273711138	161020	0.357	0.526071185672
436	-3.96333672079	105765	0.57	0.602536997886
442	-11.4213563231	105938	0.694	0.613636363636
446	22.2844159265	106028	0.134	0.374519846351
481	47.2120528551	106572	0.023	0.27990430622
1018	7.04309620781	106386	0.417	0.565158465388
